0: 4.50136, 4.50974, 4.51336, 4.48998, 4.50182, 4.48954, 4.5019, 4.48816, 4.50168, 4.49756, 4.48392, 4.51294, 4.516, 4.49818, 4.50406, 4.50794: 0
1: 14.50966, 14.48498, 14.48338, 14.48346, 14.48802, 14.50804, 14.51408, 14.5031, 14.50164, 14.50064, 14.50166, 14.50898, 14.5, 14.4975, 14.50422, 14.49612: 0
2: 24.48632, 24.4991, 24.48872, 24.51474, 24.49662, 24.51992, 24.49234, 24.50462, 24.48684, 24.50636, 24.50606, 24.51378, 24.5246, 24.50884, 24.48088, 24.4954: 0
3: 34.49712, 34.49872, 34.51078, 34.49506, 34.50634, 34.49478, 34.5001, 34.49582, 34.49082, 34.50214, 34.50808, 34.49286, 34.48392, 34.49868, 34.50614, 34.52222: 0
4: 44.48878, 44.5192, 44.49258, 44.51548, 44.49572, 44.48794, 44.47582, 44.49282, 44.49364, 44.49866, 44.51092, 44.48984, 44.49702, 44.50712, 44.4994, 44.51402: 0
5: 54.49738, 54.48468, 54.4964, 54.51394, 54.50192, 54.48162, 54.50012, 54.50238, 54.52254, 54.51666, 54.50034, 54.49408, 54.50638, 54.50262, 54.49506, 54.49918: 0
6: 64.48708, 64.48752, 64.49322, 64.48294, 64.49646, 64.52064, 64.49792, 64.50326, 64.4961, 64.49392, 64.49904, 64.49874, 64.5129, 64.49174, 64.48382, 64.5092: 0
7: 74.50588, 74.462, 74.50142, 74.49382, 74.50564, 74.50312, 74.50576, 74.51882, 74.5164, 74.50974, 74.50174, 74.5122, 74.50506, 74.50616, 74.49824, 74.49698: 0
8: 84.47566, 84.49852, 84.51212, 84.51688, 84.50182, 84.48864, 84.51846, 84.51368, 84.49844, 84.52112, 84.49982, 84.51704, 84.48532, 84.50004, 84.4987, 84.46334: 0
9: 94.49608, 94.53476, 94.49922, 94.4905, 94.50848, 94.4834, 94.4984, 94.4949, 94.50204, 94.47962, 94.50654, 94.49154, 94.49524, 94.50178, 94.5129, 94.48722: 0
10: 104.5074, 104.5227, 104.49646, 104.49834, 104.49956, 104.50156, 104.49938, 104.49916, 104.5131, 104.49238, 104.47294, 104.50596, 104.4999, 104.493, 104.49862, 104.48398: 0
11: 114.49676, 114.49624, 114.49462, 114.50886, 114.50306, 114.51132, 114.50818, 114.5106, 114.48444, 114.48802, 114.49838, 114.47604, 114.49572, 114.49662, 114.50328, 114.48954: 0
12: 124.48816, 124.50844, 124.49298, 124.49048, 124.47586, 124.51442, 124.48348, 124.49716, 124.50462, 124.50836, 124.51294, 124.49864, 124.48562, 124.4819, 124.50136, 124.49968: 0
13: 134.49828, 134.49464, 134.46794, 134.49414, 134.50544, 134.46882, 134.49158, 134.49964, 134.49566, 134.51378, 134.49924, 134.50138, 134.48754, 134.49816, 134.5011, 134.5169: 0
14: 144.49344, 144.5083, 144.49856, 144.49634, 144.48436, 144.51236, 144.4958, 144.50622, 144.51052, 144.50858, 144.49906, 144.50016, 144.51594, 144.48788, 144.48992, 144.49792: 0
15: 154.51762, 154.49574, 154.49534, 154.48764, 154.52838, 154.51312, 154.50672, 154.50316, 154.46738, 154.499, 154.49684, 154.4962, 154.50496, 154.4893, 154.508, 154.49684: 0
16: 164.49286, 164.50842, 164.47674, 164.51992, 164.49, 164.49012, 164.47962, 164.49536, 164.50288, 164.50802, 164.50466, 164.50602, 164.49946, 164.48186, 164.5226, 164.49014: 0
17: 174.5173, 174.5052, 174.48866, 174.49438, 174.49326, 174.49418, 174.50244, 174.48316, 174.4947, 174.50168, 174.51652, 174.4992, 174.51376, 174.50306, 174.48984, 174.49072: 0
18: 184.47404, 184.51334, 184.49778, 184.51594, 184.51086, 184.48786, 184.49896, 184.49202, 184.49254, 184.49666, 184.51216, 184.51588, 184.4864, 184.4898, 184.4868, 184.50144: 0
19: 194.4811, 194.49184, 194.4832, 194.50824, 194.52766, 194.4838, 194.49922, 194.51036, 194.50742, 194.49788, 194.50396, 194.50064, 194.47992, 194.46922, 194.51998, 194.5023: 0
