0: 4.55032021957914, 4.548788734635427, 4.5553522415370535, 4.532021957913998, 4.550300330164286, 4.532698198019014, 4.550578781972234, 4.537571104658101, 4.543577707943832, 4.53814789768885, 4.528939098611719, 4.563884800509169, 4.560324595250408, 4.545327976450933, 4.548331278093799, 4.547615259159076: 1
1: 14.605699626123618, 14.59191790629226, 14.595974862779412, 14.5991369023944, 14.574815050513086, 14.6174528677114, 14.607131493119084, 14.598560178187892, 14.619381910746958, 14.611466868188689, 14.603432503380796, 14.600946623180336, 14.594662318033569, 14.598659613395911, 14.606912735661442, 14.607032057911065: 1
2: 25.31046274336771, 25.314286764841064, 25.27663486110345, 25.287978232493153, 25.40404096115309, 25.34475024359752, 25.36230764988142, 25.323203353372676, 25.279319030022247, 25.279521261927087, 25.278657180151857, 25.34552240177964, 25.413490706524737, 25.303421396135533, 25.28200319894104, 25.316456161638445: 1
3: 34.94899357601713, 34.95012847965739, 34.97989293361884, 34.93710920770878, 34.81824411134904, 34.886552462526765, 34.88413276231263, 34.93526766595289, 34.92432548179872, 34.96766595289079, 35.00466809421842, 34.9193147751606, 34.83282655246253, 34.98237687366167, 34.96282655246252, 34.93869379014989: 1
4: 44.518752842906174, 44.55882231319522, 44.537919199437624, 44.59812678327751, 44.57771988587024, 44.56436339577389, 44.52245378985238, 44.53980068643262, 44.56184096265972, 44.56556258528718, 44.554335690361, 44.53516933382955, 44.55596906918083, 44.53490054997312, 44.550179878426995, 44.57860894016458: 1
5: 54.49900962365699, 54.48634481102819, 54.49778915988075, 54.514875652748046, 54.50325123546948, 54.48308357175727, 54.50161061203257, 54.50389147876193, 54.523779036033694, 54.51777675516696, 54.50145055120946, 54.495708369180285, 54.507772953722416, 54.50437166123127, 54.49680878733919, 54.49980992777255: 1
6: 64.53641462153455, 64.52774352651048, 64.53888071277993, 64.53162165387216, 64.54512549222386, 64.56584861381806, 64.54792967662384, 64.54343502645082, 64.54413110059265, 64.53641462153455, 64.5410285987033, 64.54444930591464, 64.56493377351737, 64.53492303408774, 64.52603317290482, 64.557018416133: 1
7: 74.51996623726362, 74.486444663277, 74.51932313752286, 74.50786792339075, 74.52024759340019, 74.52075001507265, 74.51853935971383, 74.54456480234731, 74.5319238730682, 74.53067786732049, 74.52392532004261, 74.52953234590727, 74.51564541088044, 74.52601539420004, 74.51847906911313, 74.51319359311883: 1
8: 84.6191131378253, 84.64234609639122, 84.67998663416935, 84.67123987734885, 84.66029168959824, 84.63124066357418, 84.67690069974054, 84.65624262913751, 84.63625285006682, 84.6710040097492, 84.66335796839374, 84.67835521660508, 84.63593835993396, 84.66605079015646, 84.65449327777341, 84.60908876484001: 1
9: 94.93116096727866, 94.98903466211233, 94.8766059853278, 94.94148585180298, 94.90138958972169, 94.98181500601638, 94.9451344952063, 94.96543492605674, 94.97022862244305, 94.9338586344758, 94.8809533051275, 94.94544501804914, 94.93048169855994, 94.90362147265458, 94.99019912277296, 94.9444552264876: 1
10: 104.59918475406047, 104.59038093837329, 104.62393629315235, 104.56092282478515, 104.61992309793457, 104.52516126321098, 104.56090181329188, 104.55018595171559, 104.57401298510285, 104.55630029626205, 104.6063076502847, 104.55741390540626, 104.58344714558864, 104.59662135187948, 104.5300779526401, 104.54795873342718: 1
11: 114.50563887222556, 114.50565886822635, 114.50233953209359, 114.51733653269346, 114.5123375324935, 114.52121575684863, 114.51771645670865, 114.51847630473905, 114.49424115176964, 114.49614077184563, 114.50741851629674, 114.4860627874425, 114.50681863627274, 114.50363927214558, 114.51439712057588, 114.49812037592481: 1
12: 124.52146688735118, 124.54517717909347, 124.52613316848465, 124.5218657147985, 124.504476838096, 124.54768979201148, 124.51690031307955, 124.53365106586635, 124.53997248090613, 124.5414880252059, 124.5469320198616, 124.52898478473288, 124.51508564819432, 124.51777773346362, 124.53103874608651, 124.53805810915907: 1
13: 134.68278070244364, 134.66995364186374, 134.6619981142453, 134.67979492417695, 134.69531311385245, 134.64567455016893, 134.7010096644928, 134.70322935491475, 134.66105523689794, 134.72579948141745, 134.66211597391373, 134.72075115895342, 134.67470731515675, 134.69393808438753, 134.71472067258586, 134.70621513318142: 1
14: 144.54048640915593, 144.5618025751073, 144.53588800326997, 144.54522787655836, 144.53016554261188, 144.56734109952995, 144.5164316370325, 144.53051297772328, 144.57569997956264, 144.5271816881259, 144.56660535458818, 144.5124872266503, 144.5624156958921, 144.52094829348047, 144.50815450643776, 144.53359901900674: 1
15: 154.54537297361966, 154.52995952224282, 154.52742716994675, 154.514964806285, 154.5583737113916, 154.5450140575462, 154.53982971426294, 154.5308966919902, 154.4969392434847, 154.52888277402246, 154.52746704951048, 154.52816494187553, 154.53628043309206, 154.51959083567627, 154.53534326334469, 154.53075711351718: 1
16: 164.74613099890573, 164.71875488510238, 164.71299046428013, 164.76068860403313, 164.73190558074097, 164.71033296857902, 164.7002305768329, 164.73659527903706, 164.73706424886666, 164.73536423323432, 164.75291152102548, 164.73409410661247, 164.7501172424574, 164.69509144911677, 164.7504689698296, 164.70587775519775: 1
17: 174.86987518761356, 174.89835295047, 174.90579824630697, 174.8579864128288, 174.82794849514178, 174.93295283987678, 174.9124733391263, 174.8307330752824, 174.8942057034521, 174.8829488901177, 174.82767201200727, 174.89098664981435, 174.85127182241882, 174.90670669089187, 174.9002685836164, 174.91274982226085: 1
18: 184.54297257335637, 184.58012453403862, 184.5146504508632, 184.58785064245401, 184.60986276265646, 184.4981153293488, 184.53870342989234, 184.58089506237116, 184.53085237093651, 184.56125700243655, 184.629479997501, 184.5684208334201, 184.57183614819135, 184.5470542910098, 184.52268893562965, 184.53351798246527: 1
19: 194.4818045413624, 194.4922276683005, 194.48424527358208, 194.50897269180754, 194.52835850755227, 194.4848054416325, 194.50017005101532, 194.511033309993, 194.50839251775534, 194.49890967290187, 194.50407122136642, 194.50149044713413, 194.48020406121836, 194.46946083825148, 194.52101630489148, 194.5029508852656: 1
